% ==================================================================
% AUTO-GENERATED ACADEMIC TABLES FOR SMART-GRAPH MANUSCRIPT
% ==================================================================


\begin{table}[h]
\centering
\caption{Controlled Ablation Matrix on 47-Triple Graph}
\label{tab:ablation_study}
\begin{tabular}{llccccc}
\toprule
\textbf{Variant} & \textbf{Serialization} & \textbf{Evaluation} & \textbf{Coverage (\%)} & \textbf{SDR} & \textbf{APS (\%)} & \textbf{Runtime (s)} \\
\midrule
1. Flat + Strict & Flat & Strict & 0.00\% & 1.4468 & 0.00\% & 7.29s \\
2. Flat + SMGA & Flat & SMGA & 46.81\% & 0.5319 & 66.67\% & 11.33s \\
3. Random + SMGA & Random & SMGA & 48.94\% & 0.5319 & 55.56\% & 7.31s \\
4. SOS + SMGA & SOS & SMGA & 44.68\% & 0.5532 & \mathbf{88.89\%} & 11.33s \\
5. ACBS + SMGA (SMART) & ACBS & SMGA & \mathbf{57.45\%} & \mathbf{0.5106} & 66.67\% & 168.63s \\
\bottomrule
\end{tabular}
\end{table}



\begin{table*}[t]
\centering
\caption{Rigorous Benchmark Results: Fact Coverage and Semantic Divergence Rate}
\label{tab:benchmark_rigorous}
\begin{tabular}{llccccc}
\toprule
\textbf{Category} & \textbf{Metric} & \textbf{Flat Seq.} & \textbf{Flat Random} & \textbf{Flat SOS} & \textbf{Modularity} & \textbf{SMART-Graph (Ours)} \\
\midrule
\multicolumn{7}{l}{\textit{By Graph Size}} \\
Large & Coverage (\%) & 53.19\% & 40.43\% & 44.68\% & \mathbf{59.57\%} & 57.45\% \\
 & SDR & \mathbf{0.5106} & 0.7447 & 0.5532 & 0.5532 & \mathbf{0.5106} \\
Small & Coverage (\%) & 87.93\% & \mathbf{92.72\%} & 91.89\% & 88.73\% & 91.60\% \\
 & SDR & 0.4965 & \mathbf{0.4537} & 0.5012 & 0.8566 & 0.6892 \\
\midrule
\multicolumn{7}{l}{\textit{By Dataset Source}} \\
Dataset A (WebNLG) & Coverage (\%) & 87.93\% & \mathbf{92.72\%} & 91.89\% & 88.73\% & 91.60\% \\
 & SDR & 0.4965 & \mathbf{0.4537} & 0.5012 & 0.8566 & 0.6892 \\
Dataset B (Synthetic) & Coverage (\%) & 53.19\% & 40.43\% & 44.68\% & \mathbf{59.57\%} & 57.45\% \\
 & SDR & \mathbf{0.5106} & 0.7447 & 0.5532 & 0.5532 & \mathbf{0.5106} \\
\bottomrule
\end{tabular}
\end{table*}



\begin{table}[h]
\centering
\caption{Fact Omissions vs. Hallucinations Count Breakdown}
\label{tab:omissions_hallucinations}
\begin{tabular}{lccccc}
\toprule
 & \multicolumn{2}{c}{\textbf{Small Graphs (WebNLG)}} & & \multicolumn{2}{c}{\textbf{Large Graphs (Synthetic)}} \\
\cmidrule{2-3} \cmidrule{5-6}
\textbf{Mode} & \textbf{Omissions} & \textbf{Hallucinations} & & \textbf{Omissions} & \textbf{Hallucinations} \\
\midrule
Flat Sequential & 1.11 & \mathbf{2.11} & & 22.0 & 2.0 \\
Flat Random & \mathbf{0.67} & 2.22 & & 28.0 & 7.0 \\
Flat SOS & 0.89 & 2.44 & & 26.0 & \mathbf{0.0} \\
Modularity & 1.11 & 4.44 & & \mathbf{19.0} & 7.0 \\
SMART-Graph & 0.78 & 4.22 & & 20.0 & 4.0 \\
\bottomrule
\end{tabular}
\end{table}



\begin{table}[h]
\centering
\caption{Paired Effect Sizes (Cohen's $d$) on Fact Coverage}
\label{tab:effect_sizes}
\begin{tabular}{lc}
\toprule
\textbf{Comparison} & \textbf{Cohen's $d$} \\
\midrule
SMART-Graph vs. Flat Sequential & 0.2630 (Small) \\
SMART-Graph vs. Flat Random & 0.0644 (Negligible) \\
SMART-Graph vs. Flat SOS Descending & 0.0936 (Negligible) \\
\bottomrule
\end{tabular}
\end{table}



\begin{table}[h]
\centering
\caption{Attention Protection Score (APS) Validation Against Fact Coverage}
\label{tab:aps_validation}
\begin{tabular}{lcc}
\toprule
\textbf{Correlation Metric} & \textbf{Coefficient} & \textbf{$p$-value} \\
\midrule
Pearson ($r$) & \mathbf{0.3795} & \mathbf{0.0066} \\
Spearman ($\rho$) & \mathbf{0.5312} & \mathbf{7.22e-05} \\
\bottomrule
\end{tabular}
\end{table}

